%YAML:1.0

#--------------------------------------------------------------------------------------------
# Camera Parameters. Adjust them!
#--------------------------------------------------------------------------------------------

# Camera calibration and distortion parameters (OpenCV) 
Camera.fx: 812.8059063438934
Camera.fy: 812.8059063438934
Camera.cx: 36.75719237327576
Camera.cy: 367.5963706970215

Camera.k1: 0.0
Camera.k2: 0.0
Camera.p1: 0.0
Camera.p2: 0.0

Camera.width: 640
Camera.height: 480

# Camera frames per second 
Camera.fps: 20.0

# stereo baseline times fx
Camera.bf: 47.90639384423901

# Color order of the images (0: BGR, 1: RGB. It is ignored if images are grayscale)
Camera.RGB: 1

# Close/Far threshold. Baseline times.
ThDepth: 35

#--------------------------------------------------------------------------------------------
# Stereo Rectification. Only if you need to pre-rectify the images.
# Camera.fx, .fy, etc must be the same as in LEFT.P
#--------------------------------------------------------------------------------------------
LEFT.height: 480
LEFT.width: 640
LEFT.D: !!opencv-matrix
   rows: 1
   cols: 5
   dt: d
   data: [-0.07079375,-2.15731379, 0.00613185, 0.00416408, 5.27122736]
LEFT.K: !!opencv-matrix
   rows: 3
   cols: 3
   dt: d
   data: [621.41691217,  0.        ,362.99747242,  0.        ,827.77135295,218.02563594,  0.        ,  0.        ,  1.        ]
LEFT.R: !!opencv-matrix
   rows: 3
   cols: 3
   dt: d
   data: [-0.97158096, 0.05360753, 0.2305573 ,-0.03632793,-0.99624785, 0.07855255, 0.23390322, 0.06794449, 0.9698829 ]
LEFT.P: !!opencv-matrix
   rows: 3
   cols: 4
   dt: d
   data: [812.80590634,  0.        , 36.75719237,  0.        ,  0.        ,812.80590634,367.5963707 ,  0.        ,  0.        ,  0.        ,  1.        ,  0.        ]

RIGHT.height: 480
RIGHT.width: 640
RIGHT.D: !!opencv-matrix
   rows: 1
   cols: 5
   dt: d
   data: [-0.32246077, 0.66398779,-0.04894499,-0.008169  ,-2.01305332]
RIGHT.K: !!opencv-matrix
   rows: 3
   cols: 3
   dt: d
   data: [597.67230259,  0.        ,438.05119316,  0.        ,797.84045974,274.91900467,  0.        ,  0.        ,  1.        ]
RIGHT.R: !!opencv-matrix
   rows: 3
   cols: 3
   dt: d
   data: [-0.99338525, 0.02927571, 0.11103459,-0.03814425,-0.9961756 ,-0.07860782, 0.10830865,-0.08232318, 0.99070285]
RIGHT.P: !!opencv-matrix
   rows: 3
   cols: 4
   dt: d
   data: [  812.80590634,    0.        ,   36.75719237,-2367.46193824,    0.        ,  812.80590634,  367.5963707 ,    0.        ,    0.        ,    0.        ,    1.        ,    0.        ]

#--------------------------------------------------------------------------------------------
# ORB Parameters
#--------------------------------------------------------------------------------------------

# ORB Extractor: Number of features per image
ORBextractor.nFeatures: 1200

# ORB Extractor: Scale factor between levels in the scale pyramid 	
ORBextractor.scaleFactor: 1.2

# ORB Extractor: Number of levels in the scale pyramid	
ORBextractor.nLevels: 8

# ORB Extractor: Fast threshold
# Image is divided in a grid. At each cell FAST are extracted imposing a minimum response.
# Firstly we impose iniThFAST. If no corners are detected we impose a lower value minThFAST
# You can lower these values if your images have low contrast			
ORBextractor.iniThFAST: 20
ORBextractor.minThFAST: 7

#--------------------------------------------------------------------------------------------
# Viewer Parameters
#--------------------------------------------------------------------------------------------
Viewer.KeyFrameSize: 0.05
Viewer.KeyFrameLineWidth: 1
Viewer.GraphLineWidth: 0.9
Viewer.PointSize:2
Viewer.CameraSize: 0.08
Viewer.CameraLineWidth: 3
Viewer.ViewpointX: 0
Viewer.ViewpointY: -0.7
Viewer.ViewpointZ: -1.8
Viewer.ViewpointF: 500

