1.000000000 0.000000000 0.000000000 0.000000000 0.000000000 1.000000000 0.000000000 0.000000000 0.000000000 0.000000000 1.000000000 0.000000000
0.999999881 -0.000378835 0.000336881 -0.018297005 0.000378264 0.999998510 0.001694424 -0.014430603 -0.000337522 -0.001694296 0.999998510 1.325719476
0.999998391 -0.001776825 0.000070704 -0.026205583 0.001776694 0.999996781 0.001818802 -0.030021356 -0.000073936 -0.001818673 0.999998331 2.674774170
0.999992907 -0.003740587 0.000150272 -0.033417054 0.003740429 0.999992490 0.001039946 -0.043683778 -0.000154161 -0.001039377 0.999999464 4.014927387
0.999988496 -0.004790327 0.000066616 -0.023246182 0.004790223 0.999987423 0.001494005 -0.068049699 -0.000073772 -0.001493669 0.999998868 5.332101822
0.999989033 -0.004625060 0.000590976 -0.034841172 0.004623707 0.999986768 0.002270555 -0.088346206 -0.000601470 -0.002267798 0.999997199 6.657068729
0.999978781 -0.006487961 0.000433532 -0.028531881 0.006486414 0.999972880 0.003481578 -0.104233012 -0.000456109 -0.003478693 0.999993861 8.023545265
0.999982953 -0.005829191 0.000283565 -0.034390938 0.005827906 0.999973595 0.004336674 -0.121881619 -0.000308837 -0.004334948 0.999990582 9.373789787
0.999987304 -0.005027934 -0.000338723 -0.031830624 0.005028639 0.999985099 0.002113298 -0.140098304 0.000328093 -0.002114975 0.999997735 10.712208748
0.999996722 -0.002574336 -0.000129404 -0.039927166 0.002574405 0.999996483 0.000531771 -0.164305329 0.000128034 -0.000532102 0.999999881 12.056706429
0.999999821 0.000473369 0.000042433 -0.047112420 -0.000473356 0.999999762 -0.000327310 -0.188103586 -0.000042588 0.000327290 0.999999940 13.391126633
0.999994040 0.003435311 0.000237591 -0.055001717 -0.003435107 0.999993622 -0.000855409 -0.200062066 -0.000240528 0.000854588 0.999999583 14.742774963
0.999991715 0.003973905 0.000838745 -0.076167427 -0.003974148 0.999992073 0.000288383 -0.221079409 -0.000837593 -0.000291714 0.999999583 16.098184586
0.999998748 0.001088509 0.001159682 -0.068895459 -0.001092479 0.999993503 0.003427200 -0.239518017 -0.001155944 -0.003428463 0.999993443 17.453067780
0.999994040 -0.003361681 0.000855516 -0.052134655 0.003357219 0.999980927 0.005164362 -0.258989573 -0.000872861 -0.005161460 0.999986291 18.819820404
0.999984384 -0.005576336 0.000581392 -0.048797470 0.005574564 0.999979854 0.003005325 -0.271006465 -0.000598139 -0.003002037 0.999995291 20.182983398
0.999979198 -0.006435097 0.000141898 -0.026015945 0.006435011 0.999979079 0.000595794 -0.291193575 -0.000145729 -0.000594869 0.999999762 21.578737259
0.999987721 -0.004935389 0.000470541 -0.026292060 0.004935766 0.999987483 -0.000802077 -0.319306970 -0.000466576 0.000804390 0.999999523 22.937911987
0.999996185 -0.002310656 0.001458454 -0.043439846 0.002308708 0.999996424 0.001335579 -0.338122725 -0.001461534 -0.001332207 0.999997973 24.301702499
0.999996841 -0.001924728 0.001575112 -0.038991887 0.001917242 0.999986947 0.004740659 -0.353664249 -0.001584216 -0.004737624 0.999987543 25.691024780
0.999989331 -0.003853924 0.002542177 -0.050299950 0.003837209 0.999971151 0.006547631 -0.361440003 -0.002567337 -0.006537806 0.999975324 27.047502518
0.999964833 -0.008038185 0.002395574 -0.065414123 0.008026034 0.999955118 0.005039357 -0.379193127 -0.002435974 -0.005019953 0.999984443 28.404706955
0.999957442 -0.008963450 0.002228688 -0.065485999 0.008957250 0.999956012 0.002776340 -0.379760802 -0.002253476 -0.002756259 0.999993682 29.807363510
0.999949872 -0.009572783 0.002924880 -0.032076150 0.009571505 0.999954104 0.000450908 -0.403396845 -0.002929062 -0.000422889 0.999995649 31.059410095
0.999974966 -0.006147861 0.003504757 -0.059536889 0.006148690 0.999981046 -0.000225678 -0.444829047 -0.003503304 0.000247222 0.999993861 32.406185150
0.999974310 -0.006205850 0.003580532 -0.045944192 0.006214961 0.999977410 -0.002539033 -0.439206243 -0.003564694 0.002561221 0.999990404 33.803962708
0.999984860 -0.004247108 0.003492411 -0.028048635 0.004253802 0.999989092 -0.001911855 -0.465556562 -0.003484253 0.001926682 0.999992132 35.272151947
0.999985099 -0.003956762 0.003766160 -0.064762190 0.003959067 0.999991894 -0.000604612 -0.515453100 -0.003763738 0.000619513 0.999992669 36.483917236
0.999986887 -0.004068571 0.003147318 -0.054991990 0.004064995 0.999991000 0.001142110 -0.531172752 -0.003151936 -0.001129301 0.999994397 37.866287231
0.999993503 0.000205724 0.003598055 -0.084028423 -0.000209385 0.999999404 0.001017157 -0.545241892 -0.003597844 -0.001017904 0.999993026 39.226749420
0.999991953 0.001717755 0.003630827 -0.078067780 -0.001720123 0.999998331 0.000649101 -0.562493742 -0.003629706 -0.000655341 0.999993145 40.623966217
0.999984086 0.004242885 0.003709528 -0.093748823 -0.004247566 0.999990165 0.001254594 -0.582991362 -0.003704168 -0.001270330 0.999992311 42.015483856
0.999985933 0.004209367 0.003230124 -0.100095972 -0.004214196 0.999989927 0.001489704 -0.604099333 -0.003223821 -0.001503295 0.999993682 43.382095337
0.999987364 0.003951311 0.003089110 -0.113183364 -0.003955599 0.999991179 0.001383846 -0.639073253 -0.003083614 -0.001396048 0.999994278 44.746368408
0.999994457 0.002484214 0.002198029 -0.107165419 -0.002486724 0.999996245 0.001140186 -0.660199583 -0.002195188 -0.001145646 0.999996960 46.135799408
0.999998748 0.000722526 0.001401101 -0.118262865 -0.000724326 0.999998868 0.001284921 -0.685440361 -0.001400171 -0.001285934 0.999998212 47.535289764
0.999999404 0.001059321 0.000248317 -0.106449984 -0.001059926 0.999996364 0.002448929 -0.688548744 -0.000245722 -0.002449190 0.999997020 49.007320404
0.999999285 0.000480048 -0.001082628 -0.111328498 -0.000477686 0.999997497 0.002180691 -0.725418985 0.001083672 -0.002180173 0.999997020 50.418636322
0.999997139 0.000364280 -0.002365021 -0.122075178 -0.000357576 0.999995887 0.002834458 -0.739864349 0.002366044 -0.002833604 0.999993205 51.822830200
0.999994099 -0.000223068 -0.003420659 -0.142291829 0.000236672 0.999992073 0.003977275 -0.765404642 0.003419745 -0.003978061 0.999986172 53.226707458
0.999992192 -0.000687435 -0.003871885 -0.162549168 0.000705951 0.999988258 0.004782861 -0.787083268 0.003868551 -0.004785557 0.999981046 54.572338104
0.999988079 -0.002626184 -0.004109341 -0.181794003 0.002647680 0.999982774 0.005234416 -0.804307103 0.004095523 -0.005245233 0.999977827 55.986572266
0.999971271 -0.005842918 -0.004834988 -0.185036391 0.005865666 0.999971688 0.004704250 -0.825731874 0.004807365 -0.004732476 0.999977231 57.421958923
0.999957740 -0.007592630 -0.005181234 -0.189697534 0.007619559 0.999957442 0.005198056 -0.840780616 0.005141546 -0.005237316 0.999973059 58.853546143
0.999958217 -0.007954434 -0.004498640 -0.205388948 0.007978865 0.999953389 0.005439626 -0.846354365 0.004455162 -0.005475292 0.999975026 60.256240845
0.999943137 -0.009790746 -0.004223710 -0.213327929 0.009819335 0.999928653 0.006802110 -0.880266488 0.004156812 -0.006843197 0.999967813 61.657127380
0.999942839 -0.010103591 -0.003472248 -0.233151421 0.010125395 0.999928772 0.006321143 -0.896904230 0.003408136 -0.006355941 0.999973834 63.066673279
0.999921918 -0.012146812 -0.002927916 -0.240119070 0.012161946 0.999912500 0.005206918 -0.920736313 0.002864412 -0.005242122 0.999982119 64.548225403
0.999918163 -0.012480468 -0.002812204 -0.234672874 0.012494178 0.999909818 0.004911365 -0.930477858 0.002750655 -0.004946099 0.999983966 65.970710754
0.999923408 -0.012202399 -0.002071853 -0.226688385 0.012211980 0.999914467 0.004676659 -0.934758544 0.002014609 -0.004701603 0.999986947 67.386428833
0.999942720 -0.010567698 -0.001668717 -0.241083995 0.010576557 0.999929488 0.005392802 -0.906337261 0.001611610 -0.005410144 0.999984086 68.768295288
0.999972999 -0.007334324 0.000524114 -0.378921032 0.007330821 0.999952614 0.006398030 -0.900621057 -0.000571015 -0.006394014 0.999979436 70.254615784
0.999991477 -0.003925647 0.001320752 -0.387714356 0.003915192 0.999961615 0.007828005 -0.900105894 -0.001351432 -0.007822767 0.999968469 70.774459839
0.999995887 -0.000863114 0.002752183 -0.465080202 0.000843590 0.999974489 0.007087810 -0.860525370 -0.002758231 -0.007085458 0.999971151 71.990653992
0.999994695 -0.000710565 0.003220210 -0.517329931 0.000691591 0.999982417 0.005889591 -0.793699920 -0.003224339 -0.005887332 0.999977469 73.526405334
0.999985695 -0.004047605 0.003492573 -0.504616141 0.004021767 0.999964714 0.007373367 -0.820823729 -0.003522294 -0.007359216 0.999966741 73.517837524
0.999976993 -0.005708176 0.003673487 -0.507567048 0.005673114 0.999938965 0.009484970 -0.842538655 -0.003727404 -0.009463912 0.999948263 73.847732544
0.999916971 -0.012766730 0.001739332 -0.431977540 0.012743702 0.999838591 0.012663675 -0.933412254 -0.001900725 -0.012640457 0.999918282 73.724411011
0.999796927 -0.020106509 -0.001382420 -0.358197153 0.020126749 0.999658823 0.016645232 -1.025566816 0.001047271 -0.016669676 0.999860525 73.429695129
0.999926567 -0.012066963 -0.001058520 -0.350640953 0.012087975 0.999666572 0.022817433 -1.161093235 0.000782830 -0.022828558 0.999738991 73.109741211
0.999919057 -0.012604334 -0.001718649 -0.327874422 0.012646467 0.999549210 0.027227687 -1.265151739 0.001374688 -0.027247217 0.999627709 72.904434204
0.999947786 -0.009871691 -0.002625749 -0.327462554 0.009945227 0.999511063 0.029647827 -1.304097652 0.002331790 -0.029672392 0.999556899 73.195983887
0.999995112 -0.002604811 -0.001735251 -0.351963162 0.002662320 0.999418020 0.034007769 -1.388547421 0.001645657 -0.034012225 0.999419987 73.234657288
0.999799728 0.019841861 0.002580824 -0.468253791 -0.019939382 0.998748839 0.045859765 -1.669373512 -0.001667651 -0.045902051 0.998944581 72.772773743
0.999395609 0.034310542 0.005581708 -0.561656117 -0.034548603 0.998131573 0.050394539 -1.716598511 -0.003842216 -0.050556920 0.998713791 73.417320251
0.999654353 0.026121672 0.002950268 -0.531409383 -0.026244251 0.998148859 0.054862492 -1.767169476 -0.001511707 -0.054920949 0.998489678 73.530708313
0.999705493 0.024140660 0.002481937 -0.561892867 -0.024242489 0.998101652 0.056613471 -1.760686398 -0.001110539 -0.056656957 0.998393238 74.567764282
0.999973655 0.007229359 0.000588580 -0.572328627 -0.007249884 0.998691916 0.050614391 -1.553176880 -0.000221900 -0.050617330 0.998718083 76.334403992
0.999983668 0.005700727 0.000270024 -0.569878697 -0.005707099 0.998735070 0.049955346 -1.487218380 0.000015100 -0.049956076 0.998751462 77.748336792
0.999975681 0.006965199 0.000406428 -0.577914476 -0.006976782 0.998747170 0.049551640 -1.464543581 -0.000060780 -0.049553268 0.998771489 79.070472717
0.999975622 0.006971047 0.000594914 -0.585688829 -0.006991863 0.998766840 0.049154796 -1.426402569 -0.000251520 -0.049157757 0.998790979 80.388580322
0.999968350 0.007916855 0.000822330 -0.597333491 -0.007947451 0.998788536 0.048562735 -1.387652159 -0.000436870 -0.048567727 0.998819709 81.730125427
0.999961972 0.008623742 0.001284512 -0.610482216 -0.008676356 0.998759568 0.049031071 -1.353725433 -0.000860087 -0.049040351 0.998796403 83.042854309
0.999954104 0.009480243 0.001362883 -0.617318749 -0.009536738 0.998692036 0.050229758 -1.301091671 -0.000884910 -0.050240446 0.998736739 84.371505737
0.999950409 0.009832428 0.001584335 -0.629918337 -0.009901254 0.998610795 0.051753260 -1.259286880 -0.001073274 -0.051766381 0.998658657 85.695640564
0.999957561 0.009167381 0.000907610 -0.592025876 -0.009201381 0.998697340 0.050189719 -1.202390194 -0.000446319 -0.050195947 0.998739302 87.062622070
0.999964356 0.008271519 0.001686891 -0.641165733 -0.008341840 0.998853922 0.047130834 -1.110537052 -0.001295114 -0.047143228 0.998887300 88.291381836
0.999979258 0.005909172 0.002540447 -0.737481117 -0.006019982 0.998919487 0.046082128 -1.031480789 -0.002265395 -0.046096470 0.998934448 89.643356323
0.999991834 0.003486129 0.002035924 -0.698147893 -0.003578422 0.998877168 0.047240362 -0.978050232 -0.001868952 -0.047247261 0.998881459 90.981636047
0.999996722 0.000355527 0.002507117 -0.699018419 -0.000477982 0.998798013 0.049013019 -0.916360378 -0.002486678 -0.049014054 0.998795092 92.285522461
0.999993384 -0.001325412 0.003380523 -0.701214314 0.001156886 0.998779595 0.049375739 -0.867063999 -0.003441841 -0.049371503 0.998774588 93.623527527
0.999989629 -0.002065666 0.004054307 -0.691342711 0.001867412 0.998830736 0.048308440 -0.849380493 -0.004149355 -0.048300367 0.998824358 94.961830139
0.999988496 -0.000479271 0.004774174 -0.694110811 0.000259174 0.998941600 0.045995686 -0.798786163 -0.004791165 -0.045993917 0.998930156 96.314849854
0.999982059 0.001632452 0.005790256 -0.690937996 -0.001884902 0.999035597 0.043864865 -0.763603210 -0.005713067 -0.043874979 0.999020636 97.639831543
0.999965310 0.004369884 0.007083807 -0.694747567 -0.004679654 0.999006450 0.044319388 -0.733490467 -0.006883099 -0.044351012 0.998992324 98.968948364
0.999949992 0.005576741 0.008317174 -0.687807202 -0.005956052 0.998909771 0.046300665 -0.702679634 -0.008049899 -0.046347890 0.998892903 100.301010132
0.999940455 0.005322617 0.009525687 -0.687421322 -0.005776582 0.998817027 0.048281915 -0.651066780 -0.009257432 -0.048334058 0.998788297 101.662002563
0.999941051 0.004567858 0.009851473 -0.673725963 -0.005042186 0.998801947 0.048673168 -0.607513905 -0.009617340 -0.048719965 0.998766124 103.012596130
0.999929428 0.005200475 0.010681214 -0.660256505 -0.005711761 0.998811245 0.048408803 -0.566666126 -0.010416767 -0.048466384 0.998770416 104.349113464
0.999912500 0.005275680 0.012132274 -0.662204027 -0.005850059 0.998839498 0.047805451 -0.517328739 -0.011865988 -0.047872230 0.998782933 105.581924438
0.999888957 0.006870962 0.013225144 -0.670577765 -0.007491272 0.998845935 0.047440544 -0.455870152 -0.012883917 -0.047534343 0.998786449 106.985969543
0.999861360 0.007944124 0.014633237 -0.658465385 -0.008616870 0.998881161 0.046499688 -0.421520710 -0.014247465 -0.046619341 0.998811066 108.330062866
0.999834001 0.008851350 0.015923332 -0.657913804 -0.009567402 0.998919964 0.045469448 -0.372587681 -0.015503666 -0.045614250 0.998838842 109.664726257
0.999831080 0.007156060 0.016929129 -0.643090367 -0.007923222 0.998924255 0.045691993 -0.333813667 -0.016583940 -0.045818411 0.998812079 111.014762878
0.999833643 0.005522670 0.017382381 -0.619395375 -0.006335694 0.998871446 0.047070906 -0.293600082 -0.017102810 -0.047173209 0.998740256 112.333587646
0.999810159 0.005854962 0.018590746 -0.616421700 -0.006735531 0.998840749 0.047662150 -0.260642052 -0.018290134 -0.047778308 0.998690486 113.633903503
0.999809086 0.004928890 0.018909719 -0.605270624 -0.005823952 0.998850703 0.047574166 -0.205162048 -0.018653499 -0.047675215 0.998688698 114.991439819
0.999820352 0.002625451 0.018773351 -0.571449041 -0.003524378 0.998840511 0.048011515 -0.185921192 -0.018625533 -0.048069052 0.998670280 116.346649170
0.999817550 0.001441352 0.019046295 -0.585217953 -0.002377466 0.998785317 0.049218550 -0.144705296 -0.018952219 -0.049254864 0.998606443 117.651641846
0.999834895 -0.000157042 0.018170815 -0.560167789 -0.000727107 0.998816192 0.048640814 -0.097914696 -0.018156944 -0.048646003 0.998650968 119.007644653
0.999857008 -0.000724358 0.016892927 -0.526345491 -0.000088167 0.998845041 0.048048258 -0.040493965 -0.016908217 -0.048042879 0.998702168 120.378974915
0.999863684 -0.002686668 0.016292758 -0.530440092 0.001881784 0.998786330 0.049216967 0.001019001 -0.016405215 -0.049179602 0.998655140 121.693206787
0.999878287 -0.003856540 0.015115405 -0.511019230 0.003112004 0.998795331 0.048974369 0.057717323 -0.015286066 -0.048921380 0.998685658 123.028434753
0.999900520 -0.003955463 0.013537449 -0.499271870 0.003290870 0.998804748 0.048767891 0.110260487 -0.013714166 -0.048718493 0.998718500 124.366600037
0.999913990 -0.004494058 0.012318260 -0.474206209 0.003886021 0.998793900 0.048947569 0.137970448 -0.012523375 -0.048895493 0.998725355 125.661102295
0.999930203 -0.003785638 0.011190324 -0.463059902 0.003241181 0.998828709 0.048278183 0.194078922 -0.011359980 -0.048238542 0.998771310 127.033332825
0.999937057 -0.005979179 0.009486564 -0.443427205 0.005545601 0.998967528 0.045090556 0.246406078 -0.009746373 -0.045035113 0.998937964 128.436874390
0.999861479 -0.014002692 0.008996373 -0.423284411 0.013571005 0.998831928 0.046375293 0.231984615 -0.009635244 -0.046246789 0.998883545 129.782501221
0.999744833 -0.020834897 0.008722604 -0.452132344 0.020386841 0.998608351 0.048639134 0.254538059 -0.009723854 -0.048448890 0.998778343 130.995605469
0.999607205 -0.027144903 0.006966410 -0.440357149 0.026761264 0.998377681 0.050257392 0.301308632 -0.008319342 -0.050051216 0.998712003 132.323913574
0.999510169 -0.030731499 0.005923634 -0.433022022 0.030420389 0.998435378 0.046919331 0.344115734 -0.007356268 -0.046716142 0.998881161 133.630126953
0.999548018 -0.029323334 0.006628701 -0.420912802 0.029007316 0.998628676 0.043584768 0.391650200 -0.007897661 -0.043372799 0.999027729 135.011947632
0.999626398 -0.026289757 0.007477057 -0.427798629 0.025954133 0.998784304 0.041908558 0.422489643 -0.008569733 -0.041698858 0.999093473 136.329696655
0.999610305 -0.026679577 0.008209032 -0.425634980 0.026313609 0.998777151 0.041855633 0.456191540 -0.009315685 -0.041623324 0.999089956 137.683532715
0.999550641 -0.028592372 0.009015027 -0.413312078 0.028161526 0.998600781 0.044758890 0.508134842 -0.010282177 -0.044484895 0.998957157 139.032028198
0.999412835 -0.032925747 0.009480828 -0.410584927 0.032440890 0.998348355 0.047414590 0.556267738 -0.011026331 -0.047079179 0.998830259 140.365112305
0.999250531 -0.037587784 0.009249059 -0.375521421 0.037094388 0.998123229 0.048723578 0.586073399 -0.011063111 -0.048343964 0.998769581 141.748184204
0.999185920 -0.039332472 0.008969065 -0.362159014 0.038846169 0.998036385 0.049134746 0.624904633 -0.010884045 -0.048746329 0.998751879 143.094131470
0.999210596 -0.038437553 0.010035759 -0.374600410 0.037883829 0.998004735 0.050512176 0.664719582 -0.011957297 -0.050092097 0.998673022 144.420059204
0.999370515 -0.033486664 0.011712427 -0.375305891 0.032872818 0.998249173 0.049171198 0.711447716 -0.013338500 -0.048755221 0.998721719 145.765884399
0.999468982 -0.030008577 0.012699374 -0.363497615 0.029390274 0.998492539 0.046354592 0.759300232 -0.014071267 -0.045956738 0.998844326 147.047561646
0.999530375 -0.027595453 0.013320956 -0.349428415 0.026952356 0.998565912 0.046256412 0.792269707 -0.014578320 -0.045875657 0.998840868 148.380828857
0.999533713 -0.027085146 0.014095961 -0.371582747 0.026391366 0.998533249 0.047272932 0.865025520 -0.015355682 -0.046878871 0.998782575 149.686538696
0.999611497 -0.024445331 0.013384392 -0.328943968 0.023780577 0.998575926 0.047755498 0.836119175 -0.014532731 -0.047418661 0.998769403 151.140457153
0.999615669 -0.024596041 0.012790183 -0.339920402 0.023992494 0.998681843 0.045374639 0.910484791 -0.013889361 -0.045050334 0.998888135 152.480545044
0.999632657 -0.024201415 0.012200445 -0.417357802 0.023669150 0.998835921 0.042030592 1.038118839 -0.013203443 -0.041726373 0.999041855 153.972152710
0.999733746 -0.018890325 0.013251261 -0.502448320 0.018341444 0.999015808 0.040386457 1.099531174 -0.014001134 -0.040132657 0.999096274 155.363067627
0.999807119 -0.014271967 0.013491555 -0.504484415 0.013704797 0.999055386 0.041235555 1.144839287 -0.014067324 -0.041042704 0.999058366 156.726196289
0.999830663 -0.011764957 0.014159259 -0.509721756 0.011142005 0.999000072 0.043298513 1.189838409 -0.014654508 -0.043133415 0.998961866 158.076782227
0.999847770 -0.010533072 0.013905945 -0.488575459 0.009892161 0.998920739 0.045379955 1.233055115 -0.014368926 -0.045235489 0.998872995 159.451538086
0.999817550 -0.013986256 0.013009837 -0.475340128 0.013369886 0.998837411 0.046314947 1.267064571 -0.013642485 -0.046132557 0.998842180 160.823471069
0.999809980 -0.015885813 0.011296483 -0.468641043 0.015345622 0.998805225 0.046396930 1.314781189 -0.012020039 -0.046214763 0.998859167 162.238159180
0.999832511 -0.015632108 0.009515276 -0.445372105 0.015219004 0.998999953 0.042040009 1.355498314 -0.010162937 -0.041888155 0.999070585 163.626770020
0.999862254 -0.014490006 0.008096482 -0.448653698 0.014176949 0.999197125 0.037470482 1.403203487 -0.008632930 -0.037350528 0.999264956 165.080001831
0.999921978 -0.010241290 0.007156040 -0.442231894 0.009966828 0.999251008 0.037390649 1.405072212 -0.007533608 -0.037316412 0.999275088 166.270828247
0.999952316 -0.006437701 0.007349038 -0.448457003 0.006150341 0.999240518 0.038476579 1.435687542 -0.007591156 -0.038429532 0.999232531 167.684967041
0.999955714 -0.005536126 0.007621473 -0.443774104 0.005210401 0.999099135 0.042114008 1.472643852 -0.007847754 -0.042072427 0.999083817 169.149948120
0.999966979 -0.002040957 0.007881748 -0.425660491 0.001688451 0.999009073 0.044475049 1.459193707 -0.007964709 -0.044460259 0.998979390 170.527801514
0.999956787 -0.005155126 0.007737136 -0.439682961 0.004800084 0.998965263 0.045225378 1.521943569 -0.007962272 -0.045186281 0.998946965 171.727478027
0.999940157 -0.007719529 0.007750711 -0.432444453 0.007354058 0.998908639 0.046123102 1.571785927 -0.008098301 -0.046063337 0.998905718 173.128601074
0.999919891 -0.009561279 0.008296321 -0.457524300 0.009167219 0.998885334 0.046302162 1.623016357 -0.008729782 -0.046222407 0.998893023 174.507110596
0.999871492 -0.013177985 0.009126047 -0.503525615 0.012742536 0.998849392 0.046233043 1.691615105 -0.009724805 -0.046110820 0.998889029 175.729171753
0.999837279 -0.015840802 0.008625684 -0.434855342 0.015413276 0.998749495 0.047558758 1.667800426 -0.009368266 -0.047418062 0.998831213 177.318099976
0.999750912 -0.020509424 0.008809644 -0.414246559 0.020052748 0.998591244 0.049125731 1.718732357 -0.009804776 -0.048936833 0.998753846 178.770019531
0.999676168 -0.023791540 0.009026726 -0.382693172 0.023322174 0.998528659 0.048955988 1.792436600 -0.010178181 -0.048729610 0.998760223 180.228546143
0.999717653 -0.021858549 0.009321531 -0.386959791 0.021419184 0.998762667 0.044881631 1.807713032 -0.010291044 -0.044669289 0.998948932 181.640197754
0.999845505 -0.014491669 0.009949268 -0.392921567 0.014085744 0.999111414 0.039723955 1.841267586 -0.010516093 -0.039577678 0.999161184 182.931015015
0.999919415 -0.005438334 0.011469617 -0.408468008 0.004974641 0.999184251 0.040076002 1.871565819 -0.011678206 -0.040015720 0.999130845 184.305770874
0.999915361 0.003814378 0.012435235 -0.392254353 -0.004351655 0.999045372 0.043469340 1.924829006 -0.012257555 -0.043519773 0.998977423 185.788253784
0.999906838 0.003311104 0.013242590 -0.399903059 -0.003917531 0.998932302 0.046033215 1.947846413 -0.013076029 -0.046080805 0.998852134 187.201843262
0.999914885 0.002085062 0.012875769 -0.386207819 -0.002676195 0.998934865 0.046065364 1.995934486 -0.012766005 -0.046095908 0.998855472 188.544128418
0.999931037 -0.001195855 0.011680463 -0.378430128 0.000657592 0.998942196 0.045977931 2.039652824 -0.011723092 -0.045967080 0.998874187 189.982757568
0.999939024 -0.003446084 0.010493570 -0.356678247 0.002966956 0.998967350 0.045337364 2.095219612 -0.010638973 -0.045303460 0.998916566 191.411605835
0.999942422 -0.003264411 0.010214912 -0.351984978 0.002800111 0.998976707 0.045141913 2.117802620 -0.010351820 -0.045110706 0.998928428 192.857162476
0.999948323 -0.001243880 0.010101171 -0.340780497 0.000785972 0.998977184 0.045210283 2.163350105 -0.010147073 -0.045199998 0.998926520 194.233367920
0.999949634 -0.000144793 0.010039945 -0.333036423 -0.000318459 0.998935759 0.046123873 2.210634708 -0.010035937 -0.046124745 0.998885214 195.701477051
0.999953151 -0.001632025 0.009540326 -0.314425111 0.001196321 0.998963714 0.045498397 2.257933140 -0.009604692 -0.045484852 0.998918891 197.183303833
0.999958396 -0.001183159 0.009050386 -0.299119830 0.000779670 0.999010980 0.044456840 2.293916702 -0.009094035 -0.044447929 0.998970270 198.676132202
0.999957442 -0.000649793 0.009200192 -0.321359992 0.000247102 0.999044538 0.043703493 2.329967976 -0.009219800 -0.043699361 0.999002159 200.002853394
0.999961436 -0.001760275 0.008598911 -0.316117764 0.001374460 0.999000788 0.044669498 2.352886200 -0.008668949 -0.044655960 0.998964846 201.409500122
0.999966979 -0.000381557 0.008120335 -0.301483512 0.000023089 0.999027252 0.044098757 2.410344124 -0.008129261 -0.044097118 0.998994172 202.931686401
0.999971271 -0.000055952 0.007565653 -0.281468987 -0.000272684 0.999056458 0.043429885 2.452416897 -0.007560945 -0.043430705 0.999027848 204.434646606
0.999966562 0.001439597 0.008048465 -0.298906446 -0.001787936 0.999054492 0.043441989 2.462981701 -0.007978315 -0.043454926 0.999023676 205.772277832
0.999968469 0.002054960 0.007668462 -0.298132181 -0.002384485 0.999063075 0.043212678 2.513827801 -0.007572476 -0.043229595 0.999036491 207.211746216
0.999970496 0.002159655 0.007366571 -0.297229886 -0.002476160 0.999062061 0.043230124 2.549085140 -0.007266299 -0.043247093 0.999037981 208.693023682
0.999978125 0.000620432 0.006592746 -0.256619811 -0.000901767 0.999085128 0.042756528 2.618630886 -0.006560187 -0.042761538 0.999063849 210.294311523
0.999972641 -0.000393244 0.007385214 -0.278286338 0.000076626 0.999082625 0.042823318 2.627748966 -0.007395279 -0.042821579 0.999055386 211.610153198
0.999972403 -0.002040236 0.007138409 -0.264723778 0.001731151 0.999071836 0.043040249 2.673591137 -0.007219595 -0.043026716 0.999047875 213.105636597
0.999966383 -0.002916141 0.007657694 -0.271709323 0.002577332 0.999033153 0.043887403 2.705427647 -0.007778271 -0.043866195 0.999007165 214.584533691
0.999965370 -0.002968452 0.007774856 -0.267840981 0.002623268 0.999026477 0.044037420 2.742852688 -0.007898011 -0.044015493 0.998999715 216.264190674
0.999965787 -0.003063900 0.007680022 -0.268589497 0.002728579 0.999058485 0.043298017 2.791141987 -0.007805452 -0.043275587 0.999032617 217.464614868
0.999969661 -0.002275820 0.007441690 -0.248113155 0.001952175 0.999064028 0.043212451 2.819058418 -0.007533067 -0.043196626 0.999038160 218.988357544
0.999945402 -0.006098550 0.008481486 -0.331948280 0.005726231 0.999047875 0.043250158 2.935431480 -0.008737172 -0.043199230 0.999028265 220.653442383
0.999912441 -0.009786483 0.008906101 -0.354112744 0.009369005 0.998908222 0.045767810 2.999347210 -0.009344283 -0.045680363 0.998912394 222.249679565
0.999950290 0.001099795 0.009905832 -0.230924606 -0.001551429 0.998953879 0.045701109 2.951164246 -0.009845207 -0.045714203 0.998906016 223.382278442
0.999952674 0.001224522 0.009653462 -0.210099936 -0.001646267 0.999038875 0.043802299 3.005493641 -0.009590545 -0.043816119 0.998993576 224.899169922
0.999944031 0.001744998 0.010437992 -0.209995747 -0.002189466 0.999084473 0.042723093 3.034776688 -0.010353887 -0.042743549 0.999032438 226.395141602
0.999935567 0.001796778 0.011210517 -0.198163271 -0.002281839 0.999054790 0.043406777 3.086050034 -0.011121931 -0.043429554 0.998994589 227.908477783
0.999936342 0.001319129 0.011205441 -0.220284700 -0.001813660 0.999019384 0.044238150 3.130433083 -0.011136096 -0.044255655 0.998958111 229.404129028
0.999939084 0.002219095 0.010811660 -0.212578058 -0.002703313 0.998984218 0.044979893 3.158463478 -0.010700862 -0.045006379 0.998929381 230.957366943
0.999942303 0.001368830 0.010652147 -0.205518484 -0.001846346 0.998987556 0.044948302 3.207429409 -0.010579837 -0.044965375 0.998932540 232.421981812
0.999938309 0.002225324 0.010880076 -0.204691410 -0.002715055 0.998973966 0.045206241 3.255648136 -0.010768312 -0.045232993 0.998918414 233.922973633
0.999934614 0.003311242 0.010943509 -0.193101168 -0.003801545 0.998975694 0.045090251 3.299876213 -0.010782992 -0.045128912 0.998923004 235.444580078
0.999935329 0.003084910 0.010942723 -0.185251474 -0.003579617 0.998958707 0.045481220 3.341217518 -0.010791022 -0.045517448 0.998905241 236.971649170
0.999937057 0.001842628 0.011066188 -0.174267292 -0.002344306 0.998961866 0.045493804 3.388660431 -0.010970870 -0.045516890 0.998903334 238.511718750
0.999935210 -0.000013522 0.011384468 -0.175968647 -0.000513799 0.998926759 0.046315219 3.431318283 -0.011372875 -0.046318062 0.998861969 240.056228638
0.999939322 -0.002404046 0.010742831 -0.142342806 0.001894970 0.998886049 0.047148954 3.482059479 -0.010844212 -0.047125742 0.998830080 241.584259033
0.999938369 -0.003931645 0.010382829 -0.132286310 0.003448157 0.998927176 0.046180353 3.523139000 -0.010553255 -0.046141721 0.998879135 243.128723145
0.999926746 -0.005628398 0.010705238 -0.132193327 0.005132521 0.998937488 0.045797467 3.561480999 -0.010951631 -0.045739178 0.998893380 244.673706055
0.999913514 -0.007548653 0.010758985 -0.116245985 0.007025274 0.998828351 0.047880199 3.607913017 -0.011107810 -0.047800481 0.998795152 246.200180054
0.999910414 -0.006222880 0.011849343 -0.135632753 0.005636140 0.998786688 0.048922133 3.666047096 -0.012139403 -0.048850961 0.998732328 247.860458374
0.999871969 -0.011379909 0.011247997 -0.091077328 0.010823959 0.998773813 0.048309110 3.710931778 -0.011783959 -0.048181184 0.998769045 249.175506592
0.999871731 -0.011420357 0.011232888 -0.069651842 0.010874335 0.998810947 0.047524478 3.757696152 -0.011762278 -0.047396224 0.998806953 250.730819702
0.999868393 -0.010237152 0.012582536 -0.068064451 0.009636833 0.998854160 0.046878841 3.805099487 -0.013048021 -0.046751425 0.998821259 252.262969971
0.999877512 -0.006108523 0.014407718 -0.063602209 0.005430259 0.998896360 0.046654679 3.844594002 -0.014676807 -0.046570726 0.998807073 253.750747681
0.999870837 -0.007913445 0.013982787 -0.046814203 0.007247664 0.998866737 0.047039866 3.898364067 -0.014339187 -0.046932451 0.998795152 255.321243286
0.999871492 -0.006543272 0.014630698 -0.027547598 0.005846337 0.998869300 0.047180682 3.938274384 -0.014922871 -0.047089089 0.998779237 256.867187500
0.999856174 -0.006680770 0.015586024 -0.006550312 0.005940679 0.998874664 0.047056604 3.986115456 -0.015882859 -0.046957258 0.998770535 258.398559570
0.999844551 -0.006209859 0.016498737 0.000358582 0.005439274 0.998910666 0.046346869 4.034202576 -0.016768567 -0.046249930 0.998789132 259.956665039
0.999828279 -0.007227931 0.017061340 0.034193039 0.006435925 0.998919427 0.046028063 4.073137283 -0.017375590 -0.045910355 0.998794436 261.483001709
0.999800026 -0.008422268 0.018138073 0.053263664 0.007571137 0.998889923 0.046493150 4.125311852 -0.018509518 -0.046346530 0.998753905 263.078460693
0.999772549 -0.009730051 0.018981447 0.068457603 0.008828479 0.998855114 0.047016554 4.193442345 -0.019417193 -0.046838276 0.998713732 264.707427979
0.999738574 -0.012448449 0.019183965 0.104885578 0.011531658 0.998819768 0.047180772 4.277533531 -0.019748650 -0.046947215 0.998702109 266.030761719
0.999720216 -0.013835805 0.019184634 0.115079880 0.012953324 0.998885572 0.045384660 4.264012337 -0.019791188 -0.045123465 0.998785377 267.585235596
0.999668181 -0.017223084 0.019153887 0.145905018 0.016381610 0.998929739 0.043253727 4.319991589 -0.019878350 -0.042925607 0.998880506 269.193206787
0.999722660 -0.014928828 0.018211678 0.190354824 0.014133423 0.998973012 0.043048963 4.373054504 -0.018835643 -0.042779628 0.998907030 270.816864014
0.999717295 -0.016699545 0.016924165 0.201070309 0.015961761 0.998955011 0.042828921 4.427350521 -0.017621700 -0.042546678 0.998938978 272.278747559
0.999705613 -0.018561034 0.015625257 0.223220348 0.017878188 0.998925328 0.042761706 4.454641819 -0.016402166 -0.042469766 0.998963118 273.769409180
0.999722540 -0.017976109 0.015218714 0.237365484 0.017322132 0.998964727 0.042064954 4.516098976 -0.015959121 -0.041789666 0.998998880 275.310058594
0.999726653 -0.018157236 0.014724286 0.249762058 0.017523136 0.998959363 0.042106926 4.586045265 -0.015473509 -0.041837398 0.999004602 276.838256836
0.999722540 -0.019128986 0.013750087 0.250971079 0.018525697 0.998914421 0.042739198 4.607443333 -0.014552720 -0.042472601 0.998991668 278.367187500
0.999669492 -0.021715324 0.013759761 0.203923464 0.021095479 0.998822212 0.043695193 4.669533253 -0.014692410 -0.043390490 0.998950124 279.923248291
0.999719799 -0.019462641 0.013469747 0.203402281 0.018837936 0.998807192 0.045046568 4.715364456 -0.014330408 -0.044780198 0.998894036 281.463531494
0.999720931 -0.018048085 0.015243149 0.164724350 0.017331179 0.998794794 0.045921385 4.723017693 -0.016053570 -0.045644388 0.998828709 283.040954590
0.999776065 -0.015726909 0.014157657 0.287497759 0.015086719 0.998906910 0.044242699 4.810858250 -0.014837983 -0.044019192 0.998920500 284.626464844
0.999778748 -0.015820811 0.013859331 0.341012716 0.015207675 0.998947203 0.043280564 4.873807430 -0.014529471 -0.043060213 0.998966813 286.247192383
0.999740064 -0.017789539 0.014258168 0.352325916 0.017168034 0.998945355 0.042586297 4.921772480 -0.015000721 -0.042330444 0.998991013 287.885070801
0.999691844 -0.020265000 0.014336956 0.398580313 0.019675614 0.999001026 0.040120713 4.969126701 -0.015135680 -0.039826259 0.999091923 289.446807861
0.999615848 -0.023208134 0.015148643 0.343748093 0.022565855 0.998892963 0.041274469 4.933829308 -0.016089780 -0.040916778 0.999032974 291.011291504
0.999692857 -0.021348907 0.012582201 0.380409002 0.020830784 0.998984039 0.039963305 4.990342617 -0.013422590 -0.039688941 0.999121904 292.654205322
0.999708891 -0.021773446 0.010394160 0.390761375 0.021334378 0.998946369 0.040632140 5.022763252 -0.011267910 -0.040398557 0.999120116 294.277496338
0.999734461 -0.020950999 0.009587778 0.417334795 0.020510068 0.998821735 0.043981895 5.066482544 -0.010497945 -0.043773565 0.998986363 295.913238525
0.999716282 -0.021734660 0.009745483 0.440988541 0.021256259 0.998679698 0.046764012 5.118407249 -0.010749018 -0.046543591 0.998858392 297.571105957
0.999682963 -0.022908285 0.010447468 0.429406643 0.022388322 0.998623610 0.047430266 5.170248985 -0.011519636 -0.047181327 0.998819888 299.055603027
0.999670565 -0.023409911 0.010522016 0.452932835 0.022903882 0.998684227 0.045881961 5.228011131 -0.011582266 -0.045625847 0.998891413 300.742797852
0.999634206 -0.024728894 0.010949939 0.460660934 0.024199100 0.998642504 0.046125885 5.272557259 -0.012075717 -0.045844033 0.998875618 302.368804932
0.999637187 -0.024673700 0.010802030 0.491593122 0.024146296 0.998626411 0.046498310 5.311835289 -0.011934482 -0.046220612 0.998859882 303.986236572
0.999641478 -0.024226109 0.011401762 0.503752708 0.023672074 0.998640239 0.046446811 5.366186142 -0.012511484 -0.046160251 0.998855650 305.664642334
0.999635518 -0.024210097 0.011944207 0.512358189 0.023631996 0.998644531 0.046374016 5.386276245 -0.013050737 -0.046074856 0.998852670 307.182495117
0.999690235 -0.021763479 0.012066081 0.535489082 0.021200202 0.998762250 0.044994216 5.444571495 -0.013030377 -0.044724476 0.998914301 308.899444580
0.999642432 -0.023570916 0.012625199 0.563390255 0.022958450 0.998648047 0.046637367 5.506050110 -0.013707417 -0.046330832 0.998832226 310.478759766
0.999612987 -0.024807770 0.012585950 0.581301451 0.024183886 0.998577893 0.047510568 5.552691460 -0.013746683 -0.047187798 0.998791456 312.090576172
0.999596179 -0.025558984 0.012420279 0.599200726 0.024967100 0.998644233 0.045676563 5.609851837 -0.013570888 -0.045348022 0.998879015 313.745422363
0.999642193 -0.023778815 0.012245101 0.613375187 0.023193210 0.998675346 0.045929234 5.651392937 -0.013321024 -0.045628790 0.998869658 315.384338379
0.999691010 -0.021334164 0.012760286 0.603820562 0.020755818 0.998822153 0.043857165 5.699213982 -0.013680913 -0.043578759 0.998956323 316.912750244
0.999739051 -0.019514205 0.011870671 0.633080244 0.019019948 0.999001980 0.040413950 5.748742580 -0.012647469 -0.040177628 0.999112487 318.551422119
0.999768138 -0.018494388 0.011032199 0.646529675 0.018024890 0.998986840 0.041237373 5.783918381 -0.011783680 -0.041028958 0.999088466 320.162475586
0.999796271 -0.017597117 0.009896481 0.654457808 0.017140152 0.998862088 0.044504654 5.824159622 -0.010668376 -0.044325955 0.998960257 321.756744385
0.999813676 -0.017134799 0.008886728 0.653203249 0.016691718 0.998720288 0.047741164 5.859751701 -0.009693386 -0.047583934 0.998820186 323.338684082
0.999829412 -0.016893489 0.007467153 0.666498542 0.016527129 0.998773754 0.046666890 5.906556129 -0.008246364 -0.046535511 0.998882711 324.955047607
0.999848008 -0.016455133 0.005763967 0.667990088 0.016181421 0.998870015 0.044686817 5.956032753 -0.006492783 -0.044586767 0.998984337 326.543090820
0.999824703 -0.018355876 0.003715110 0.673424959 0.018165812 0.998777270 0.045977153 6.011238098 -0.004554521 -0.045901604 0.998935521 328.152435303
0.999821305 -0.018452371 0.004093910 0.626816392 0.018244926 0.998776853 0.045954939 6.046876907 -0.004936880 -0.045872044 0.998935163 329.657226562
0.999806881 -0.019411733 0.003046629 0.658948064 0.019257734 0.998831570 0.044323694 6.135066986 -0.003903470 -0.044256467 0.999012589 331.289215088
0.999775350 -0.020942276 0.003264677 0.638486266 0.020777397 0.998803914 0.044261117 6.148815155 -0.004187701 -0.044183344 0.999014676 332.859680176
0.999758005 -0.021757063 0.003250032 0.642757595 0.021591282 0.998778641 0.044441074 6.190101624 -0.004212970 -0.044360150 0.999006748 334.476470947
0.999752700 -0.022112945 0.002372128 0.657237053 0.021988440 0.998805285 0.043641325 6.248083115 -0.003334332 -0.043578364 0.999044538 336.075408936
0.999760449 -0.021750687 0.002453523 0.671002626 0.021625066 0.998839855 0.043027163 6.288390160 -0.003386546 -0.042963803 0.999070942 337.670318604
0.999719977 -0.023468643 0.003006354 0.636304855 0.023318568 0.998811126 0.042809252 6.312785149 -0.004007454 -0.042727161 0.999078870 339.136657715
0.999710500 -0.023886073 0.002884609 0.639928102 0.023740219 0.998794556 0.042962998 6.355450630 -0.003907349 -0.042882077 0.999072552 340.729675293
0.999711454 -0.023844669 0.002903412 0.636590242 0.023701644 0.998834550 0.042044953 6.393248558 -0.003902575 -0.041964009 0.999111414 342.304779053
0.999680758 -0.025097756 0.002903005 0.648467720 0.024958460 0.998854458 0.040825196 6.431859493 -0.003924300 -0.040739704 0.999162078 343.902801514
0.999621451 -0.027276857 0.003595734 0.609795511 0.027098631 0.998719871 0.042709243 6.487496376 -0.004756106 -0.042595625 0.999081135 345.402557373
0.999639690 -0.026596114 0.003625828 0.618430018 0.026416354 0.998730421 0.042891257 6.529426575 -0.004761965 -0.042780008 0.999073148 347.008392334
0.999536335 -0.030256424 0.003405805 0.606850207 0.030084047 0.998638630 0.042612210 6.560768127 -0.004690461 -0.042489994 0.999085903 348.462005615
0.999543011 -0.030067071 0.003069396 0.629598141 0.029911090 0.998662651 0.042169791 6.595400810 -0.004333212 -0.042058721 0.999105692 350.097076416
0.999606073 -0.027758699 0.004152447 0.591019511 0.027555019 0.998696983 0.042954102 6.637541771 -0.005339387 -0.042822763 0.999068439 351.590148926
0.999738574 -0.022343362 0.004847755 0.592463374 0.022115460 0.998837054 0.042844135 6.704410553 -0.005799399 -0.042725723 0.999070227 353.182220459
0.999729991 -0.022559136 0.005574080 0.600585699 0.022299867 0.998831928 0.042866226 6.724227905 -0.006534593 -0.042730339 0.999065280 354.754577637
0.999707401 -0.023455888 0.005907116 0.594541788 0.023185398 0.998835266 0.042313777 6.764418602 -0.006892745 -0.042164445 0.999086857 356.333984375
0.999716282 -0.023006810 0.006153356 0.596655011 0.022727370 0.998852015 0.042167995 6.806107521 -0.007116442 -0.042016186 0.999091566 357.930908203
0.999714017 -0.023094611 0.006195023 0.608405590 0.022811934 0.998841822 0.042364221 6.841608047 -0.007166232 -0.042210795 0.999083042 359.559234619
0.999754012 -0.021063454 0.006945156 0.597172499 0.020754308 0.998905122 0.041926842 6.888943672 -0.007820676 -0.041772384 0.999096513 361.140899658
0.999775171 -0.020060616 0.006854240 0.609219432 0.019749165 0.998887300 0.042829692 6.926943779 -0.007705801 -0.042684704 0.999058843 362.764953613
0.999807775 -0.017990863 0.007792240 0.591486931 0.017649688 0.998968661 0.041837651 6.975404739 -0.008536899 -0.041692082 0.999094009 364.393859863
0.999830723 -0.016668281 0.007775825 0.602777719 0.016336957 0.999030173 0.040886022 7.023292065 -0.008449784 -0.040752079 0.999133587 366.024505615
0.999854088 -0.014737681 0.008631545 0.591055393 0.014370529 0.999049306 0.041155733 7.041872978 -0.009229879 -0.041025694 0.999115467 367.524353027
